Sample	FastQC_mqc-generalstats-fastqc-percent_duplicates	FastQC_mqc-generalstats-fastqc-percent_gc	FastQC_mqc-generalstats-fastqc-avg_sequence_length	FastQC_mqc-generalstats-fastqc-median_sequence_length	FastQC_mqc-generalstats-fastqc-percent_fails	FastQC_mqc-generalstats-fastqc-total_sequences
SRR15734410_1	13.928560174363696	45.0	151.0	151	0.0	131145527.0
SRR15734410_2	13.80800821688021	45.0	151.0	151	0.0	131145527.0
SRR15734411_1	13.538753149061677	45.0	151.0	151	0.0	135176873.0
SRR15734411_2	13.294175148151638	45.0	151.0	151	0.0	135176873.0
SRR15734412_1	16.888004195143893	47.0	151.0	151	0.0	147281218.0
SRR15734412_2	16.656647478897142	47.0	151.0	151	0.0	147281218.0
SRR15734413_1	17.80026233610242	47.0	151.0	151	0.0	165252494.0
SRR15734413_2	17.584858931182126	47.0	151.0	151	0.0	165252494.0
SRR15734414_1	17.700821898519933	46.0	151.0	151	0.0	156233853.0
SRR15734414_2	17.443688038120115	46.0	151.0	151	0.0	156233853.0
SRR15734415_1	14.622436155566007	45.0	151.0	151	0.0	147207494.0
SRR15734415_2	14.426186613053815	45.0	151.0	151	0.0	147207494.0
SRR15734416_1	14.837282709058414	45.0	151.0	151	0.0	153028077.0
SRR15734416_2	14.722814067969068	46.0	151.0	151	0.0	153028077.0
SRR15734417_1	13.867222441164586	45.0	151.0	151	0.0	147214973.0
SRR15734417_2	13.824725189048564	45.0	151.0	151	0.0	147214973.0
SRR15734418_1	13.43508904017466	45.0	151.0	151	0.0	144005592.0
SRR15734418_2	13.337319755815855	45.0	151.0	151	0.0	144005592.0
SRR15734419_1	14.874595690733699	45.0	151.0	151	0.0	148528642.0
SRR15734419_2	14.673663079532702	45.0	151.0	151	0.0	148528642.0
SRR15734420_1	14.764869563895388	44.0	151.0	151	0.0	167645253.0
SRR15734420_2	14.780930582091983	45.0	151.0	151	0.0	167645253.0
SRR15734421_1	15.263573062105223	45.0	151.0	151	0.0	142021263.0
SRR15734421_2	15.171623820146436	45.0	151.0	151	0.0	142021263.0
SRR15734422_1	10.813522095358067	45.0	151.0	151	0.0	185229159.0
SRR15734422_2	10.239868437716055	45.0	151.0	151	0.0	185229159.0
SRR15734423_1	16.297091725174155	44.0	151.0	151	0.0	178135188.0
SRR15734423_2	16.327555423410885	44.0	151.0	151	0.0	178135188.0
SRR15734424_1	15.846656719874304	45.0	151.0	151	0.0	175447759.0
SRR15734424_2	15.831117476927247	45.0	151.0	151	0.0	175447759.0
SRR15734425_1	15.08933580362914	46.0	151.0	151	0.0	121291845.0
SRR15734425_2	14.997042369868623	46.0	151.0	151	0.0	121291845.0
SRR15734426_1	11.760799697367077	45.0	151.0	151	0.0	125164653.0
SRR15734426_2	11.826263217433095	45.0	151.0	151	0.0	125164653.0
SRR15734427_1	10.509718811586595	44.0	151.0	151	0.0	113093317.0
SRR15734427_2	10.58796699149066	45.0	151.0	151	0.0	113093317.0
SRR15734428_1	17.63348832722218	48.0	151.0	151	10.0	115277076.0
SRR15734428_2	17.123606560373233	49.0	151.0	151	10.0	115277076.0
SRR15734429_1	13.293249658375686	44.0	151.0	151	0.0	145351731.0
SRR15734429_2	13.135183562401835	44.0	151.0	151	0.0	145351731.0
SRR15734430_1	10.604946507300895	45.0	151.0	151	0.0	104427729.0
SRR15734430_2	10.710302404726718	45.0	151.0	151	0.0	104427729.0
SRR15734431_1	10.903838643397037	45.0	151.0	151	0.0	100672544.0
SRR15734431_2	10.84452858397951	45.0	151.0	151	0.0	100672544.0
SRR15734432_1	11.15965512018957	45.0	151.0	151	0.0	112862821.0
SRR15734432_2	11.19389093272136	45.0	151.0	151	0.0	112862821.0
SRR15734433_1	10.811255704661718	45.0	151.0	151	0.0	111169733.0
SRR15734433_2	10.861176869289451	45.0	151.0	151	0.0	111169733.0
SRR15734434_1	11.246871964385349	45.0	151.0	151	0.0	109760382.0
SRR15734434_2	11.163957518606566	45.0	151.0	151	0.0	109760382.0
SRR15734435_1	11.861315167119741	45.0	151.0	151	0.0	126690149.0
SRR15734435_2	11.861060878199439	46.0	151.0	151	0.0	126690149.0
SRR15734436	4.749993524767774	45.0	150.99998924113382	151	0.0	12454844.0
SRR15734436_1	5.887001127173974	45.0	151.0	151	0.0	27232859.0
SRR15734436_2	5.935278671334061	45.0	150.99999507947365	151	0.0	27232859.0
SRR15734437_1	13.855130000976516	45.0	151.0	151	0.0	148423395.0
SRR15734437_2	13.823765823336174	45.0	151.0	151	0.0	148423395.0
SRR15734438_1	13.711791364733244	45.0	151.0	151	0.0	140532502.0
SRR15734438_2	13.737322992988922	46.0	151.0	151	0.0	140532502.0
SRR15734440_1	12.007169521263265	45.0	151.0	151	0.0	114880862.0
SRR15734440_2	11.972945561844583	45.0	151.0	151	0.0	114880862.0
SRR15734441_1	12.818749016913713	45.0	151.0	151	0.0	112327041.0
SRR15734441_2	12.741182428148278	45.0	151.0	151	0.0	112327041.0
SRR15734442_1	9.21656457890694	45.0	151.0	151	0.0	151198482.0
SRR15734442_2	8.960169388129003	45.0	151.0	151	0.0	151198482.0
SRR15734443_1	12.745800516998202	45.0	151.0	151	0.0	123506205.0
SRR15734443_2	12.588267376918154	45.0	151.0	151	0.0	123506205.0
SRR15734444_1	11.99480472326701	44.0	151.0	151	0.0	121916124.0
SRR15734444_2	12.018933668446735	45.0	151.0	151	0.0	121916124.0
SRR15734445_1	13.030469283566433	45.0	151.0	151	0.0	113134932.0
SRR15734445_2	12.788797624400388	45.0	151.0	151	0.0	113134932.0
SRR17407396_1	20.080797321571353	46.0	151.0	151	0.0	373611542.0
SRR17407396_2	19.70919422571798	46.0	151.0	151	0.0	373611542.0
SRR17408317_1	9.856203067119793	46.0	151.0	151	0.0	124537200.0
SRR17408317_2	9.916653788219847	46.0	151.0	151	0.0	124537200.0
SRR17408318_1	10.07221435337516	46.0	151.0	151	0.0	124537142.0
SRR17408318_2	10.042754342480194	46.0	151.0	151	0.0	124537142.0
SRR17619844_1	19.4776968899685	44.0	151.0	151	10.0	458647372.0
SRR17619844_2	19.223843445876142	44.0	151.0	151	10.0	458647372.0
SRR17619845_1	21.099149759943344	45.0	151.0	151	10.0	373164734.0
SRR17619845_2	20.24085304524597	45.0	151.0	151	10.0	373164734.0
