Sample	raw_total_sequences	filtered_sequences	sequences	is_sorted	1st_fragments	last_fragments	reads_mapped	reads_mapped_and_paired	reads_unmapped	reads_properly_paired	reads_paired	reads_duplicated	reads_MQ0	reads_QC_failed	non-primary_alignments	supplementary_alignments	total_length	total_first_fragment_length	total_last_fragment_length	bases_mapped	bases_mapped_(cigar)	bases_trimmed	bases_duplicated	mismatches	error_rate	average_length	average_first_fragment_length	average_last_fragment_length	maximum_length	maximum_first_fragment_length	maximum_last_fragment_length	average_quality	insert_size_average	insert_size_standard_deviation	inward_oriented_pairs	outward_oriented_pairs	pairs_with_other_orientation	pairs_on_different_chromosomes	percentage_of_properly_paired_reads_(%)	reads_mapped_percent	reads_mapped_and_paired_percent	reads_unmapped_percent	reads_properly_paired_percent	reads_paired_percent	reads_duplicated_percent	reads_MQ0_percent	reads_QC_failed_percent
SRR15734410	256836740.0	0.0	256836740.0	1.0	128418370.0	128418370.0	255593580.0	255235724.0	1243160.0	231681724.0	256836740.0	33338251.0	15887788.0	0.0	0.0	6020236.0	38170838215.0	19123053210.0	19047785005.0	37996213884.0	37459254653.0	0.0	4909542210.0	417138166.0	0.01113578	148.0	149.0	148.0	151.0	151.0	151.0	36.2	343.4	82.8	115192605.0	898645.0	59086.0	11467526.0	90.2	99.51597267587185	99.37664058498797	0.48402732412816013	90.20583425875908	100.0	12.98032789234126	6.185948318764675	0.0
SRR15734411	264541924.0	0.0	264541924.0	1.0	132270962.0	132270962.0	263678498.0	263302854.0	863426.0	238801220.0	264541924.0	31627666.0	16419911.0	0.0	0.0	6211849.0	39346245039.0	19712169332.0	19634075707.0	39229002970.0	38683692293.0	0.0	4663954686.0	438084423.0	0.01132478	148.0	149.0	148.0	151.0	151.0	151.0	36.2	344.7	83.5	118791836.0	872955.0	65915.0	11920721.0	90.3	99.67361468195868	99.53161677315086	0.32638531804130977	90.26970711833184	100.0	11.955634676642028	6.206922045369263	0.0
SRR15734412	288327808.0	0.0	288327808.0	1.0	144163904.0	144163904.0	287331355.0	286891286.0	996453.0	253752734.0	288327808.0	42879061.0	20694318.0	0.0	0.0	9688927.0	42733577414.0	21405280130.0	21328297284.0	42600204799.0	41843151672.0	0.0	6226227751.0	568416610.0	0.01358446	148.0	148.0	148.0	151.0	151.0	151.0	36.2	342.2	85.4	125935445.0	1325573.0	86555.0	16098070.0	88.0	99.65440274147959	99.50177472996292	0.345597258520413	88.00841506067982	100.0	14.87163562107752	7.177357655353174	0.0
SRR15734413	323381660.0	0.0	323381660.0	1.0	161690830.0	161690830.0	322180131.0	321656354.0	1201529.0	284928550.0	323381660.0	51548245.0	23221996.0	0.0	0.0	11357775.0	47967895905.0	24022888810.0	23945007095.0	47806318053.0	46936385870.0	0.0	7469923047.0	658789131.0	0.01403579	148.0	149.0	148.0	151.0	151.0	151.0	36.3	338.6	89.8	141125446.0	1753889.0	93916.0	17854926.0	88.1	99.62844862630737	99.4664799481826	0.3715513736926207	88.10906283306234	100.0	15.94037367487074	7.180987320060142	0.0
SRR15734414	306502792.0	0.0	306502792.0	1.0	153251396.0	153251396.0	305539124.0	305138266.0	963668.0	276282340.0	306502792.0	46410878.0	20080406.0	0.0	0.0	8766662.0	45655832467.0	22848039130.0	22807793337.0	45524702826.0	44803472251.0	0.0	6800650944.0	563332327.0	0.01257341	148.0	149.0	149.0	151.0	151.0	151.0	36.3	313.5	85.1	136888506.0	1586348.0	68289.0	14025990.0	90.1	99.68559242357571	99.55480797055839	0.3144075764242957	90.14023598192867	100.0	15.142073485581822	6.551459407260472	0.0
SRR15734415	288975122.0	0.0	288975122.0	1.0	144487561.0	144487561.0	287992749.0	287569868.0	982373.0	261862362.0	288975122.0	39233876.0	17029108.0	0.0	0.0	5794556.0	43063566791.0	21560559948.0	21503006843.0	42927713609.0	42394832965.0	0.0	5806159365.0	448141387.0	0.01057066	149.0	149.0	149.0	151.0	151.0	151.0	36.3	356.4	82.6	130483958.0	733827.0	68140.0	12499009.0	90.6	99.66004928271992	99.5137110799455	0.33995071728008475	90.61761448101404	100.0	13.576904381409	5.892932195042035	0.0
SRR15734416	299997832.0	0.0	299997832.0	1.0	149998916.0	149998916.0	296293659.0	295838876.0	3704173.0	265850204.0	299997832.0	40853566.0	19224597.0	0.0	0.0	7977883.0	44624293277.0	22347691297.0	22276601980.0	44081060186.0	43400686976.0	0.0	6009500336.0	524980642.0	0.01209614	148.0	149.0	149.0	151.0	151.0	151.0	36.3	347.2	83.9	132235056.0	1021537.0	69539.0	14593306.0	88.6	98.765266743661	98.61367131479804	1.2347332563389992	88.61737507489721	100.0	13.617953745745737	6.4082453102527746	0.0
SRR15734417	289123550.0	0.0	289123550.0	1.0	144561775.0	144561775.0	288189747.0	287795796.0	933803.0	264037120.0	289123550.0	38233306.0	16418825.0	0.0	0.0	5173786.0	43105283007.0	21579605330.0	21525677677.0	42975844838.0	42478432401.0	0.0	5662240840.0	425284874.0	0.01001178	149.0	149.0	149.0	151.0	151.0	151.0	36.3	348.1	80.2	131582405.0	710456.0	65729.0	11539308.0	91.3	99.67702285061179	99.54076587673332	0.32297714938821137	91.32328376571192	100.0	13.223864330664176	5.67882657777272	0.0
SRR15734418	282009872.0	0.0	282009872.0	1.0	141004936.0	141004936.0	276511865.0	276100022.0	5498007.0	251772500.0	282009872.0	33534501.0	16467765.0	0.0	0.0	5525618.0	41966585133.0	21020593328.0	20945991805.0	41152217618.0	40621766621.0	0.0	4954854503.0	423157602.0	0.01041702	148.0	149.0	149.0	151.0	151.0	151.0	36.2	358.9	86.4	125344480.0	800400.0	61824.0	11843307.0	89.3	98.05042037677319	97.90438187213532	1.9495796232268068	89.27790300901239	100.0	11.891250743165473	5.839428557309512	0.0
SRR15734419	291176956.0	0.0	291176956.0	1.0	145588478.0	145588478.0	290172129.0	289749462.0	1004827.0	263193518.0	291176956.0	40905213.0	17622979.0	0.0	0.0	6453851.0	43343952652.0	21711035116.0	21632917536.0	43205196985.0	42637971385.0	0.0	6023800833.0	461484027.0	0.01082331	148.0	149.0	149.0	151.0	151.0	151.0	36.2	349.6	81.6	131017425.0	877700.0	68965.0	12910641.0	90.4	99.65490847428188	99.50975035263437	0.34509152571812723	90.38954236474675	100.0	14.048231550301665	6.052326132566617	0.0
SRR15734420	329322236.0	0.0	329322236.0	1.0	164661118.0	164661118.0	328273380.0	327836334.0	1048856.0	299029604.0	329322236.0	46292412.0	19342214.0	0.0	0.0	6776302.0	49079449988.0	24564866074.0	24514583914.0	48934268744.0	48337094605.0	0.0	6838817580.0	498446145.0	0.01031188	149.0	149.0	149.0	151.0	151.0	151.0	36.3	349.6	79.6	148958518.0	889618.0	68994.0	14001037.0	90.8	99.68151072556182	99.54879997838955	0.31848927443818276	90.8015224334867	100.0	14.05687407029509	5.873339812984872	0.0
SRR15734421	278514008.0	0.0	278514008.0	1.0	139257004.0	139257004.0	277451559.0	277024944.0	1062449.0	249057098.0	278514008.0	39509830.0	17876149.0	0.0	0.0	7271444.0	41382395366.0	20730376735.0	20652018631.0	41235482611.0	40619485624.0	0.0	5787851328.0	480212657.0	0.01182222	148.0	149.0	148.0	151.0	151.0	151.0	36.3	348.8	82.1	123875230.0	973112.0	68147.0	13595983.0	89.4	99.61852942060997	99.46535400115314	0.381470579390032	89.42354454214741	100.0	14.18593997613219	6.418402122165431	0.0
SRR15734422	359724060.0	0.0	359724060.0	1.0	179862030.0	179862030.0	358335527.0	357713182.0	1388533.0	320201388.0	359724060.0	28812300.0	22521293.0	0.0	0.0	8313888.0	53448890700.0	26792299938.0	26656590762.0	53261096506.0	52529638742.0	0.0	4227664774.0	593000046.0	0.01128887	148.0	149.0	148.0	151.0	151.0	151.0	36.1	377.1	86.9	159706513.0	936598.0	90093.0	18123387.0	89.0	99.61400052028769	99.44099429990865	0.38599947971231063	89.01305850934742	100.0	8.009555991334025	6.260713559165322	0.0
SRR15734423	350160966.0	0.0	350160966.0	1.0	175080483.0	175080483.0	348939769.0	348439564.0	1221197.0	319538874.0	350160966.0	56893407.0	19746831.0	0.0	0.0	6088970.0	52233622668.0	26141047130.0	26092575538.0	52062424474.0	51460412468.0	0.0	8439133681.0	514304593.0	0.00999418	149.0	149.0	149.0	151.0	151.0	151.0	36.3	357.1	80.8	159296570.0	792233.0	74783.0	14056196.0	91.3	99.65124696394629	99.5083969467916	0.3487530360537102	91.25485277533761	100.0	16.247786739313486	5.639358157356694	0.0
SRR15734424	344118928.0	0.0	344118928.0	1.0	172059464.0	172059464.0	342908311.0	342397010.0	1210617.0	309893444.0	344118928.0	50876809.0	21140206.0	0.0	0.0	7797816.0	51223607009.0	25655433705.0	25568173304.0	51056644022.0	50354934146.0	0.0	7515642453.0	561279978.0	0.01114647	148.0	149.0	149.0	151.0	151.0	151.0	36.3	358.7	84.6	154280340.0	1010328.0	83458.0	15824379.0	90.1	99.64819807877583	99.49961543527766	0.3518019212241647	90.0541698769909	100.0	14.784658692183303	6.143284858774174	0.0
SRR15734425	237805026.0	0.0	237805026.0	1.0	118902513.0	118902513.0	236985116.0	236625528.0	819910.0	210703944.0	237805026.0	33851531.0	16110977.0	0.0	0.0	7254403.0	35276669427.0	17673723699.0	17602945728.0	35165116494.0	34578414906.0	0.0	4936205861.0	437181487.0	0.01264319	148.0	149.0	148.0	151.0	151.0	151.0	36.3	350.5	85.2	104633260.0	996640.0	57106.0	12625758.0	88.6	99.65521754784106	99.50400627781517	0.344782452158938	88.60365465951085	100.0	14.23499392313096	6.774868164476894	0.0
SRR15734426	245405274.0	0.0	245405274.0	1.0	122702637.0	122702637.0	244618731.0	244272184.0	786543.0	221582742.0	245405274.0	22858377.0	14818848.0	0.0	0.0	5709657.0	36558309899.0	18300962351.0	18257347548.0	36450213652.0	35981730240.0	0.0	3357321590.0	396306792.0	0.01101411	148.0	149.0	149.0	151.0	151.0	151.0	36.2	353.4	81.6	110356797.0	688925.0	53773.0	11036597.0	90.3	99.67949221824793	99.53827805672995	0.32050778175207434	90.29257537472483	100.0	9.314541870848302	6.038520590229858	0.0
SRR15734427	222205114.0	0.0	222205114.0	1.0	111102557.0	111102557.0	221533632.0	221235516.0	671482.0	203219696.0	222205114.0	17938199.0	12301899.0	0.0	0.0	3645752.0	33175891522.0	16602281368.0	16573610154.0	33082828110.0	32740372878.0	0.0	2656841230.0	310677905.0	0.009489139	149.0	149.0	149.0	151.0	151.0	151.0	36.3	361.1	81.9	101367320.0	452241.0	49559.0	8748638.0	91.5	99.6978098352858	99.5636473065152	0.30219016471421084	91.45590411569016	100.0	8.072811051504422	5.536280771647767	0.0
SRR15734428	224881318.0	0.0	224881318.0	1.0	112440659.0	112440659.0	224046394.0	223644174.0	834924.0	182651166.0	224881318.0	24638701.0	22086467.0	0.0	0.0	15879025.0	33095502876.0	16610643378.0	16484859498.0	32988085930.0	31964680410.0	0.0	3435221800.0	679353319.0	0.02125325	147.0	148.0	147.0	151.0	151.0	151.0	36.1	329.8	94.1	89877005.0	1858742.0	66758.0	20019582.0	81.2	99.62872682914461	99.44986804106155	0.3712731708553932	81.22113816497642	100.0	10.956312965045855	9.821388097698716	0.0
SRR15734429	285342968.0	0.0	285342968.0	1.0	142671484.0	142671484.0	284225051.0	283806206.0	1117917.0	259765460.0	285342968.0	34476711.0	16559140.0	0.0	0.0	5596848.0	42523483369.0	21284194277.0	21239289092.0	42366990270.0	41822555902.0	0.0	5097990649.0	461329519.0	0.01103064	149.0	149.0	149.0	151.0	151.0	151.0	36.3	342.2	80.3	129427419.0	777529.0	66983.0	11631172.0	91.0	99.60821988786492	99.46143337234791	0.3917801121350921	91.03622276754338	100.0	12.082551478892587	5.803240961592578	0.0
SRR15734430	204724764.0	0.0	204724764.0	1.0	102362382.0	102362382.0	204052467.0	203754526.0	672297.0	184873618.0	204724764.0	16655863.0	12304434.0	0.0	0.0	4436156.0	30529277115.0	15282415642.0	15246861473.0	30437239487.0	30048574278.0	0.0	2463378373.0	329735296.0	0.01097341	149.0	149.0	149.0	151.0	151.0	151.0	36.3	352.5	80.9	92149382.0	500315.0	44753.0	9182813.0	90.3	99.67160934179901	99.5260768746081	0.32839065820097857	90.30349547746945	100.0	8.13573437554433	6.010232352740678	0.0
SRR15734431	196912766.0	0.0	196912766.0	1.0	98456383.0	98456383.0	196244071.0	195951180.0	668695.0	176893286.0	196912766.0	15674811.0	12298532.0	0.0	0.0	4876342.0	29314564533.0	14690531041.0	14624033492.0	29223227121.0	28818313589.0	0.0	2297508053.0	332760234.0	0.01154683	148.0	149.0	149.0	151.0	151.0	151.0	36.2	348.8	82.7	88021007.0	634975.0	47190.0	9272418.0	89.8	99.66041053935528	99.51166904028965	0.3395894606447202	89.83332548383379	100.0	7.96028176253438	6.245675305784898	0.0
SRR15734432	221365488.0	0.0	221365488.0	1.0	110682744.0	110682744.0	220597886.0	220281868.0	767602.0	198548580.0	221365488.0	18750052.0	14032051.0	0.0	0.0	5945517.0	32959552231.0	16496611050.0	16462941181.0	32853943922.0	32364398442.0	0.0	2742956541.0	388383206.0	0.01200032	148.0	149.0	149.0	151.0	151.0	151.0	36.3	348.1	87.3	98620102.0	901932.0	54790.0	10564110.0	89.7	99.65324224343408	99.51048376610541	0.3467577565659196	89.69265344559943	100.0	8.470178513102278	6.338861186889259	0.0
SRR15734433	218041390.0	0.0	218041390.0	1.0	109020695.0	109020695.0	214464305.0	214150984.0	3577085.0	195852830.0	218041390.0	17322851.0	12337436.0	0.0	0.0	3980877.0	32521318730.0	16277163631.0	16244155099.0	31991572662.0	31614198513.0	0.0	2558401682.0	318872986.0	0.01008639	149.0	149.0	149.0	151.0	151.0	151.0	36.3	356.9	82.9	97580432.0	552006.0	48377.0	8894677.0	89.8	98.35944680044463	98.21574885392172	1.6405531995553688	89.82369356570328	100.0	7.9447535167520265	5.658300013589163	0.0
SRR15734434	215112880.0	0.0	215112880.0	1.0	107556440.0	107556440.0	210503207.0	210170498.0	4609673.0	189627152.0	215112880.0	17415399.0	13165126.0	0.0	0.0	5253689.0	32051098249.0	16045764548.0	16005333701.0	31366978251.0	30921590594.0	0.0	2556392164.0	352060846.0	0.0113856	148.0	149.0	149.0	151.0	151.0	151.0	36.3	354.1	84.0	94384209.0	655552.0	49252.0	9996236.0	88.2	97.85709112350688	97.70242395527409	2.1429088764931232	88.15239329230309	100.0	8.095935027228496	6.1201012231345695	0.0
SRR15734435	248670568.0	0.0	248670568.0	1.0	124335284.0	124335284.0	247803966.0	247428780.0	866602.0	220839012.0	248670568.0	21075063.0	16263786.0	0.0	0.0	7281723.0	37015457231.0	18529141821.0	18486315410.0	36896343945.0	36330795010.0	0.0	3069390291.0	449554928.0	0.01237394	148.0	149.0	149.0	151.0	151.0	151.0	36.3	348.9	82.5	109880764.0	850190.0	59409.0	12924027.0	88.8	99.65150600371814	99.50062928235238	0.34849399628185995	88.80786084825286	100.0	8.475093441697531	6.540293904021645	0.0
SRR15734436	52818154.0	0.0	52818154.0	1.0	26409077.0	26409077.0	52617562.0	52534796.0	200592.0	47714154.0	52818154.0	2873941.0	3138284.0	0.0	0.0	1099375.0	7850804298.0	3933502409.0	3917301889.0	7823332159.0	7723337591.0	0.0	423043456.0	83685988.0	0.01083547	148.0	149.0	148.0	151.0	151.0	151.0	36.0	357.7	84.3	23769020.0	158734.0	11696.0	2327948.0	90.3	99.62022148672595	99.46352157631256	0.37977851327405343	90.33665583995987	100.0	5.4411992513028755	5.941676795444233	0.0
SRR15734437	290000452.0	0.0	290000452.0	1.0	145000226.0	145000226.0	288995910.0	288553484.0	1004542.0	259566490.0	290000452.0	34784375.0	18683397.0	0.0	0.0	7413326.0	43002719667.0	21563702974.0	21439016693.0	42866645290.0	42221608889.0	0.0	5078820061.0	493658005.0	0.01169207	148.0	149.0	148.0	151.0	151.0	151.0	36.2	350.8	84.3	129044790.0	1057848.0	65774.0	14108330.0	89.5	99.65360674679225	99.50104629492095	0.34639325320775705	89.50554670169963	100.0	11.99459337394412	6.442540648178024	0.0
SRR15734438	275524880.0	0.0	275524880.0	1.0	137762440.0	137762440.0	264529063.0	264114508.0	10995817.0	238848910.0	275524880.0	29962328.0	16688940.0	0.0	0.0	6330155.0	40983839298.0	20522353408.0	20461485890.0	39341858812.0	38731235225.0	0.0	4406532257.0	443305377.0	0.01144568	148.0	149.0	149.0	151.0	151.0	151.0	36.3	349.7	86.2	118693302.0	1004387.0	65545.0	12294020.0	86.7	96.0091382672955	95.85867817091508	3.990861732704502	86.68869032807491	100.0	10.874636076422572	6.057144458242755	0.0
SRR15734440	224919862.0	0.0	224919862.0	1.0	112459931.0	112459931.0	224083871.0	223731426.0	835991.0	203280722.0	224919862.0	23873245.0	13593687.0	0.0	0.0	4727291.0	33447996844.0	16755628334.0	16692368510.0	33332974527.0	32887747344.0	0.0	3520994102.0	358189488.0	0.01089128	148.0	149.0	148.0	151.0	151.0	151.0	36.2	355.9	84.6	101225247.0	640478.0	53504.0	9946484.0	90.4	99.6283160621893	99.47161802900271	0.3716839378107034	90.37917780689372	100.0	10.614111527420375	6.043791277090504	0.0
SRR15734441	219909686.0	0.0	219909686.0	1.0	109954843.0	109954843.0	219160140.0	218840114.0	749546.0	198502582.0	219909686.0	25720283.0	13551537.0	0.0	0.0	4964220.0	32677401121.0	16373485129.0	16303915992.0	32575210879.0	32127364544.0	0.0	3788131635.0	357322649.0	0.01112207	148.0	149.0	148.0	151.0	151.0	151.0	36.2	348.4	82.6	98782097.0	695396.0	53310.0	9889254.0	90.3	99.65915735062256	99.51363124587427	0.3408426493774358	90.2655019933956	100.0	11.695839081867454	6.162319289565081	0.0
SRR15734442	294363692.0	0.0	294363692.0	1.0	147181846.0	147181846.0	290389440.0	289891710.0	3974252.0	261125170.0	294363692.0	19348590.0	17834906.0	0.0	0.0	6316644.0	43781194976.0	21922110506.0	21859084470.0	43199982205.0	42619124931.0	0.0	2841124495.0	469371164.0	0.01101316	148.0	149.0	149.0	151.0	151.0	151.0	36.2	379.5	90.1	130165264.0	770193.0	74143.0	13936255.0	88.7	98.64988376351795	98.48079701351212	1.3501162364820456	88.70834858260984	100.0	6.573021920108273	6.058799534284955	0.0
SRR15734443	242071554.0	0.0	242071554.0	1.0	121035777.0	121035777.0	241310197.0	240976758.0	761357.0	220058940.0	242071554.0	28838634.0	14214301.0	0.0	0.0	4778368.0	36024382391.0	18043625135.0	17980757256.0	35920381455.0	35478906170.0	0.0	4259835919.0	364410335.0	0.01027118	148.0	149.0	149.0	151.0	151.0	151.0	36.3	350.2	81.8	109566120.0	691341.0	49642.0	10181276.0	90.9	99.68548266517924	99.54773868225756	0.31451733482076133	90.90656723755323	100.0	11.913268421451948	5.8719418969814186	0.0
SRR15734444	238937058.0	0.0	238937058.0	1.0	119468529.0	119468529.0	238163972.0	237828234.0	773086.0	218605964.0	238937058.0	26645631.0	13262278.0	0.0	0.0	3781004.0	35607676479.0	17831699296.0	17775977183.0	35501261290.0	35117158049.0	0.0	3952168951.0	336126677.0	0.00957158	149.0	149.0	149.0	151.0	151.0	151.0	36.3	356.3	85.0	109104606.0	541181.0	50031.0	9218299.0	91.5	99.67644784510571	99.53593468954489	0.3235521548942818	91.49102522221564	100.0	11.151736454376199	5.55053205685658	0.0
SRR15734445	221244074.0	0.0	221244074.0	1.0	110622037.0	110622037.0	220483068.0	220144178.0	761006.0	197597594.0	221244074.0	25506476.0	14374294.0	0.0	0.0	5800475.0	32811030659.0	16455923511.0	16355107148.0	32708082534.0	32207967201.0	0.0	3742563148.0	380930230.0	0.01182721	148.0	149.0	148.0	151.0	151.0	151.0	36.2	353.7	83.6	98300386.0	743267.0	49301.0	10979135.0	89.3	99.6560332730087	99.50285854888028	0.3439667269912956	89.31203915545328	100.0	11.528659520164142	6.497030062825547	0.0
SRR17407396	730385676.0	0.0	730385676.0	1.0	365192838.0	365192838.0	719453422.0	717798800.0	10932254.0	650229876.0	730385676.0	105874035.0	60425456.0	0.0	0.0	29988705.0	108895010576.0	54554397236.0	54340613340.0	107356790471.0	102776954098.0	0.0	15347991184.0	2807273522.0	0.02731423	149.0	149.0	149.0	151.0	151.0	151.0	36.3	284.5	113.2	306138859.0	19950668.0	150019.0	32659854.0	89.0	98.50322174171444	98.27668088058178	1.4967782582855582	89.02555148137927	100.0	14.495634084696917	8.27308886052141	0.0
SRR17408317	243463730.0	0.0	243463730.0	1.0	121731865.0	121731865.0	239823006.0	239272510.0	3640724.0	216744512.0	243463730.0	13908648.0	20143322.0	0.0	0.0	9996193.0	36298477783.0	18184885020.0	18113592763.0	35786136851.0	34259066819.0	0.0	1998471737.0	935882326.0	0.0273178	149.0	149.0	149.0	151.0	151.0	151.0	36.3	284.5	113.2	102044829.0	6652179.0	50109.0	10889138.0	89.0	98.50461339765066	98.2785033318926	1.4953866023493518	89.02538049507416	100.0	5.712821371791191	8.273643881164558	0.0
SRR17408318	243462938.0	0.0	243462938.0	1.0	121731469.0	121731469.0	239818242.0	239266378.0	3644696.0	216744056.0	243462938.0	13919114.0	20142471.0	0.0	0.0	9997121.0	36298577039.0	18184869703.0	18113707336.0	35785770047.0	34259221563.0	0.0	1999949459.0	935713871.0	0.02731276	149.0	149.0	149.0	151.0	151.0	151.0	36.3	284.5	113.2	102046301.0	6650694.0	49906.0	10886288.0	89.0	98.50297707324964	98.27630437943701	1.497022926750354	89.02548280264325	100.0	5.717138762204537	8.273321255985172	0.0
SRR17619844	880556660.0	0.0	880556660.0	1.0	440278330.0	440278330.0	879216348.0	878612994.0	1340312.0	831494650.0	880556660.0	98377433.0	50912778.0	0.0	0.0	22638443.0	130456907440.0	65104224455.0	65352682985.0	130300851660.0	120813671936.0	0.0	14310349480.0	1175717674.0	0.009731661	148.0	148.0	148.0	151.0	151.0	151.0	35.7	197.7	76.6	344983018.0	71345674.0	143807.0	22833998.0	94.4	99.84778810258503	99.77926849136544	0.15221189741498292	94.42829607353148	100.0	11.172186580247999	5.781885517736019	0.0
SRR17619845	734195394.0	0.0	734195394.0	1.0	367097697.0	367097697.0	732764168.0	732450118.0	1431226.0	699976072.0	734195394.0	136734109.0	51559910.0	0.0	0.0	27187376.0	109332587779.0	54728565643.0	54604022136.0	109142492125.0	101749800003.0	0.0	19737607761.0	1371778722.0	0.01348188	148.0	149.0	149.0	151.0	151.0	151.0	36.3	183.3	62.7	296310067.0	54152238.0	58564.0	15704190.0	95.3	99.80506197509597	99.76228725836981	0.19493802490403528	95.33920775318838	100.0	18.623667502877307	7.022641441414436	0.0
